This line is a comment block. Write whatever you want here.
This line is a comment block. Write whatever you want here.
This line is a comment block. Write whatever you want here.
This line is a comment block. Write whatever you want here.
This line is a comment block. Write whatever you want here.
This line is a comment block. Write whatever you want here.
This line is a comment block. Write whatever you want here.
2897e1d51365bcb93e609d779d534e1bc46b3735ab74ed6408445cb098a63a50 20 0 0 0
700495782b3c3f89214daa83e02b24d0a64676747ca6656eec75e8c50ae4bb62 61 1 4783 0
59e8cd5e593b9ffc06c2fac20982198cc3b2a6e8c1a75a6f4ea9cf7da65d6986 85 1 2036 10
747b6358f95dfe611c63285d54f9dae5772f607074e4c5a643d2238c5b2f9f00 1 1 0 0
78172db4e2c8c6b117c355afa1f7e8cc3ebd3b074b1c37d00e82669e648cc89f 60 1 140 81
c3a660751cac322f6cb331630bd312775837ee1e50120c26d88aaf87ca7e6ef2 88 2 31 1
d23d5c4dd2e09ff7915ddced7de86ad7321259dec21613bd3a78f55a5a007faa 57 3 30 6
b4dd3152ad01042c01eb717cfaed10628bc907869204b81856d4e35ad1a95f62 50 1 11 1
784656585002c9b74995a42cae563c21dde536f0c8fcf7366e16fa5d3af36c30 100 2 132 85
bd408a1a59e7cdc98f81e088c0330ed5125900a5e6b211596104279f6e804dc6 58 2 35 4
ec6cdef5f8ba9edd19b39636817aebb63ca7cf63b6c9f6333f0186d6e42ed8f0 48 2 4 0
ef167ac38078ee1209fc8867073514f21660eaca65fa00166a9bc776b55d6a16 53 1 18 20
88ce714b3617495472ea6abf9076277ee2659ceb32d5fa04fcdec40cee410ddd 64 2 36 15
187f46ae9aec639b0f8f45fe4143d12f9f7f2c8ac7aed363608cf6644094e919 58 2 17 5
3f1c63e215b9c50782a1242d3219b68c936ad49259a9d855403011e954fea790 41 2 34 2
008ba7dbff0156222970b8f902901c33ee50a49d8b4d82304078e982566b5538 51 2 24 23
707b42f42378504885d4b7f8219f71a10f78ce8fa22fa642cee919ef88aed9f6 125 2 55 8
5609b3b1204e74db3866e9664b7b3fbf691169167e523ad633d32228fdf71838 49 1 8 6
99b1e81ede1b427fa4510dfa6f90d85a812ddf4541721e07d8dda38ff03a9458 55 1 33 0
f7f8df9cdd66fa4d60f658ed488d44fc7d54e2a6d13b8f3eba4109d571fe4844 51 0 0 0
74c69aebd03036bd40914b7a19d2ddf4031f4e285aec9a06964926ab92fc2021 46 1 3521 2
14cd78e867bb231693ad22593f3910d0a33387f361f7ee3f528ba3a1ca02d091 55 1 6553 0
151da03718155e069a50aef3a274313c4535417f0d11ac9ed221f6545f79f5f9 82 1 5160 0
0b3c54c1fca304871d9c7b9c86a6dbd0e0be34b18eaa504d34492a68e71f8c55 74 1 5154 0
1d925829410d0b4530e4d04a67b1d8a5bfd2ee110e7a795e8aeaec3f9efaf0f7 58 1 181 1
65f0a2e8bd1e8f3c880e8f7909ed53e78656e91ed1c1ec83d961816511828936 55 1 4275 1
c56ee3981f7c8cbd499cfe6eb293ef749845740c838c47e2aaa9a29d44bc16d5 65 1 5420 0
bfd24b4c0413672f0ead3c95e6b794f2d292c523bd5e1d1658ae82b184db70d0 58 3 4072 19
dce68cd9144d93464ca546a815ad33d60312ac14b3b36a94ddc49fbd9e2cb9b4 51 1 50 1
03f676f9c1eca9047cca19c6317514fa83ac221cac1cc5a767c5f37e58d4f175 67 3 6455 17
c691f97d6f6a186cd1ed9269bdd376918d98369c8f62d8dcd8b1f43186b527f8 93 1 5419 0
a2bc462495d067290a34b487e9e50f857af8e81fed50c8c3b1bde7cd150653c2 48 1 105 0
7934e56df0d061d7756a39917325b923a1537ee7b1bc9332e7a4a796976accc9 30 1 49 104
9c133528b1fe1fac61c6bedaa6d24d37e6f04d33b939df7267dd60ec32afbd7c 45 1 157 9
83c4c6c469720e9af07ee9aaa7939d7fd7f3e4572597bebd7e713a0732508516 19 1 2591 385
2a8b0d1b8b16a0f6e9bfdeeef7fc1a2fb86e84694e1702c6d4e561103645b098 48 1 237 0
c8b8f75c83e985a8e94ba5c0f09301528f932ebe24c5d8aa9c5dff2aa318d44d 51 1 2128 27
af80bb1c38a56d78683bb209155a69bbf76e710a74a65052445d5ac02c6a6810 32 2 5141 33
d076e73d60d3604afcb57b21738745b8da8a3f8994aff7b09b2423301862cbe6 21 1 11 6
3e25136371c71ef1275c33e2cb9022d47d4d284fc5f96c79cdcd51cd0f286717 53 1 228 0
44d931e09d739ba3c01c9ebc2b9129dcd7c529127e6fdc3c6bcf6cba133ec8b4 39 2 115 7
fd3a494b1114256345dd982f2efe0020e3da459d0e6d62904d0354589bc8bf2e 40 1 2123 34
8fa3be8af85936a887d46fe3f572d5410d4f7f7225bfec30e0621f848992d546 35 1 2193 27
a8463859b891e6fcbc38d7621df96175f6976693a47c61a9d9d777f55b610620 41 1 3763 27
145a923922d050db23b98e7cd7b5436bc547c8753c6555fdd1922e9388bcc2b9 47 1 2128 30
d91f2202c1b47835b11119109bb2ccc67459832491f622d20e657cbc073e3781 45 1 3766 27
b08956bd6b25c69c09a6438c59afba23ca9185c0bf80cf7fe0c24263878caf2b 16 1 152 0
b9b8c06b4dbe14c4c2b23ee1d701c993055c91c7caf297e79c973603696bb387 33 1 2258 10
0ab223ace02d124a472e8449775cd71d8419b3f00c581a072c321bf2cc067539 37 1 2369 83
8d136063e2985c99bc110fa90e22b3bd1f2a4fac807e401f82cf1f71457e0fc4 57 1 8767 181
9fe71e8d7c597618e882b6a52529e020e0fc91edded1150d8390464966497cb0 17 1 6 1
4c61c6303526ef2d3f1304c9905031969ffd6fd265f31c3dfa321414efe5a655 48 1 4482 29
140c9373c0c3d6d3e27d5a21ce76e341d0f55740a8957e99eeeee705ab32d0ad 18 1 19 0
247a11f9c380b152e2f9a0be1f40d1c1cd11d077242ee2a5d47d6cec7045a10e 71 2 4733 49
9a33c048a9722ccb385df0180fa52cbab7a8299507db90e925703e612e0c8bb7 27 2 2532 33
482920e85abb15d9ab45ab48b09babdd2ad93ab90199d6af6b011dab0f264120 36 1 6 0
475d879aeeb76e59b6589caac1d8db179a1cef139c9590136ef22f1e9d33c15f 12 0 0 0
de57d1fcd1a7a021038453a107566e11a1f07b5f5458647d4daca9543591bdd7 5 1 20 1
744acdb02df8f87530b3f7139be97f4d8221434c51bb70b8d0741d1a52a323dd 9 1 41 2
32b7b141510d1052b5e678497eaea4cf58f07ba12f12fdf7eb66f2530b59c8dc 5 0 0 0
ab044f07e40fa73d0ca7ef4b818faf1ee0b20f11fa09cb54ab3cf9b4950c06d6 8 2 23 2
07fffcd61abcc8c9480933531f17769229aadf4cfe927be16f4d45a6992fe65e 97 1 477 0
7e9ea31e109375d25bc02a99838d5d7f1b6a0e3cb539c48480e7c6e1416c9de1 54 1 73 6
104cd87cd9aa0841966fbfaee666cc71e55cf9fd584b1e1b38292f8a08db494e 36 1 2226 2
e36de2aa173d4050866d7be7f3f549e2eb8374c7bc01a47759b22ce448ece7ab 8 1 22 2
d942cf7947c69fa2defc71dffd68015ae824e6e205feb6fb9728de89e71873ba 5 1 13 0
47bf281f07905ca31c367145e798689b9154fedd69fd956620dd3a1b0e7f01d2 3 3 45 1
0b107d0d00d7c4eee780d0af54ce356938148ac88e8c1c7b53ca0b3747108bc2 7 7 338 1
02d25175fe65e9daf4d85a41b578c2a6c581f3fbb1950510c71a1902f3e517d1 61 1 1563 0
ffca2e8d4e6246e1fc56fe226bfc46977e5ba853e1049af9999145967b8f5cc8 23 1 2 2
f20ec7801c37e9335bc752a21724b8b641cf2c3f0a16c4ed3097fec77bfa4a72 95 1 1313 1639
dad0e27b5e61d56d7b9ceba9f490bf5414ce5f7b9bbbdeaa470bbf2524422e31 74 1 20656 24
a209b48624cc2cebe2e3879e1624e1df6e56baaba169efa0cb8d8b40ddb005f1 72 1 14922 12189
23f2c8aa9d819137315404dadefd0f632f9d7de323d84fa7a0dae1e225802e8c 124 1 28 6
f2cc4b74b0894b8eadfda9342c3feaf324e9bd6a59ed492d1cdac31434951dca 39 1 2 1
b1a9fb9e2d96628dc029330d1e5b1663cf4e26e0e815a0c1fa5307bad49a3be6 24 1 2 1
ac34cfe4abfc488500d7e8572e9cbf39928d35afbcfabc519521b57b14928417 10 1 50 13
3db4017b2f53cc8671b8f12b9d541611e5ae8be5ef96381c59676a72e221bc87 16 1 20669 25
caebd3efde6ab0f94c353a6539a7e877288fc33ddabc1d40bbbeb4c86c872ac6 22 0 0 0
6990c19689fa42b48b75948617e993976b4eaf99ae846492cab250e90e243efa 13 1 24818 4384
289cbd4cb6ad86c62993f107bb0c4b5357b3460627f644a1d175c210734c36b3 18 1 18 3
b5cb2a5077961a5ba1a6c212d2faa644d440a291e66408cedc365232aeeda757 50 1 24762 4265
a86c7f9b16ec5ac63a152ffc29120e8418be09b3851cb57a0b3853221e1038b7 110 0 0 0
bd9c6752d66fe0ce1d452f1f0149980181d6647c55e703f69e1b976d0c0dda70 27 27 4639631 31658
cb4cb43b954bcdbd2b6e6564ba10f696e87936477225a970e094ce93c4e3dff9 19 1 15134 12315
90ac5931f7816fa3c680aed8cc02674467fd40f3aef31eb169f7bf2fdbaa2977 25 1 24848 4383
b85aa7f0794dcf259364f39d12b5f505349e86783d3a384c123be7b234dc706b 14 1 187 16
e2c2b56fd85eeaa1ddc2abeba79bd137a42e8f06a2877d6188b648834e813ffc 13 1 27596 26736
3a2948ceca0efa85add9a07cdd63843b809f9696dc851ea74584ca78b2769108 114 1 24934 4388
9c5839a4abc676997d9da7d3f50eb43e19e78e32d7cd303297999ae400c60d64 130 3 22592 14299
f12893d035378519682bfb2dcab7143856a4d33b95aa6b5ed03969db1281e056 11 1 8 2
fa2865bbe29b061971622c21eb78fcccfc16f986c1b4efbe55cc995216bcd3d9 19 19 4595217 17024
18d87c9f3277e46887d303dc35f9cbf631ee4cd2335c05846305cd8af85d3aa5 101 1 20844 34
8c743880c86ae36f7421e77d588d7b4bc32af43a1fa9fa0e40a61cdc26570cda 16 1 10 2
2bacec71e8fe37570926d73381aa4e07a92c3da3dfb946cb5b2fd738503f08ae 9 1 24850 4382
7ffe8cf837720582f85c510cae7ea07662f0bece2f7b82ad41402c93212b703d 9 2 25191 13592
bb02174f89c7ee4a3c7fbff5c651559bda706bdadf4fa48295672a5a163b6cea 20 0 0 0
74080a8317e0f1aa363026c75ae90487c710be0e6278f6f6080b6fa3596ae298 21 1 24179 25732
89ac3a573732c02a515629792146b6da058ae46e8a9dd33de6048d9c844d79fc 16 1 24847 13279
d2a6915d883a868e889b31384e46ca262703e5efcf33ec44e447865d17dff611 65 1 31 8
dfa480a06a880add19e8a528221603e9b89a933e7c53e1af4e263d8953d5d726 14 1 16724 23812
51648db8a65fe43dda12179f38bca09686f9541bb3e1160eb13fb084d32ddb2e 103 0 0 0
a5de1075e2a73084200ca39ec616a08c8bf111fc532146ff9c3022c3aedf23ea 12 2 16 0
3314c983700cc4732edd93130e5dc811403c563f82c6d4838218c51ae3c5813c 1 1 1 0
00543944091e1e4e352ace93a6d64493ec340d35903ee997fc1df0f87280bdd8 6 6 28985 0
770421f5458ba7e5973ad40cd97b3c602e2e4c1df43482d8995bc4f5b5b16c64 6 6 29102 68
47a28d6b0db62840a6ee4d971afb65a22ccfbc46f3519cb6d1ca7eba09bdc5a1 9 1 356980 0
552979f8428590e4619fa9943245fd51b3cd92015794c455524f54302ecb3af3 12 1 20 0
d863453d12b90f4513ff355ca9014e3ccb5d9d97aa2750248cd4a8b17124bf76 12 2 47 22
6ebdef11042c969c5969e7bfbbe9c19a098e289f13258966e3903092d33a056c 13 1 37 0
94c544898e0c6d85dc9dedd9b73eb6215ba677ea8a653d45ff0b815ebf603469 11 1 18 1
ae4a0cf3c48307d2a6444e4a180a2478fa727c38fffd8597fa26dfbd97ea6050 28 1 3220 1
469c38cea6086cadde9830c3ee7754cebf37d44940ad766b850674df8cb8dfae 32 1 28 3
89969005d418977d00278b8a86281de096ca5bdbe00fb62c48e1dea84e5251e8 83 2 31 15
006afde2f47d144f9c1484b87447d12669b0e4fe4ca89b14ab6c6ce35db2ad0b 47 1 74 0
eea04a09d3db69fa454e502712dd1a9178e63930ae797d9825880573153157a3 53 1 41 0
89334ddb3e12c4a369f6785d945e565d4b4dfa0d8b5cf50302bb7c2228e4c4c9 43 1 16 7
c691e0cb3039da60e0997c13bce3cf7ccbe1b2739082800bbf8f2d5a8dc33052 62 1 39 1
d0f33e6dee7c4f73526b088e638855ae6320f591d94d49ed1dfc51796361effe 41 0 0 0
7b525a637dc13b3477148f9086c3a2b3d25b7efa4397935779292c68d211988b 29 1 29 4
4c1893a8bdc3b577f88b9d4ea8351b1237554b4da4b5efd0cc7ccec82a5c066c 92 1 79 0
45716ef0399e342b1d865b41785ba5b4b8c42f1a8bc12a344d4b798630ef7120 11 11 348 6
8b028ec82ecb74dd6dfb3ea735fcaff0a8e9fcdc927577c0804b314327f874aa 68 0 0 0
b7cdd8fbdc8f541ce73c9a30f0ed9df1a5d4dc95370a334fd4d08f5b3b83445e 51 2 70 20
51fab98a64d16b8bc26c4eb9d4dd6f712054067ab9cd266b56f83ec5f5b27709 84 2 105 84
97468d7415d558cde4259801ed6a3f5b722e67234f5b4cc2ba0245c49d783620 44 0 0 0
c6a47b0d46959b3348bc4ff178d3056c33e4df3d7e112862fc457c43123653cf 83 1 43 15
3b18879b92994f02022ea6cda174d392a21cd45e7ed7258e20b9f26f1d6ec400 39 0 0 0
3fb3ca85593c6e45aca14e59bf99c970fd75b3daf003e106afc681b30b763080 64 0 0 0
c6332bbc9ba9310400aba335b4123998be2e03be22a2d2a84dae1d17292aeff0 67 0 0 0
345ba74850bf26ab0f0556cd0634e8457c60fd7b52e0afe7e8bef58c213efd6d 76 0 0 0
82ab339fafe6b1bd20b659fc469243d6a60b8eb18fc3e61c11e56ae2332e38b1 13 1 95 37
3c6bdd60ac141e476d1b77a5d13bfb5f0d58adccff3b72466b54616c3798274f 7 1 43 37
98bcda9a94c4fd95d9368e35a1417c5fb4f7d4e8dd85d458b02de714b3e2f62f 9 9 419 29
9f7903130e4d245e6c00ad861a526f55b8d71c03f88409b5f887c3d585f17a35 13 1 21 2
13e9f09c01a9316eba36f5c9419da100d6355118b9d971f9d1fedb2b824138d0 10 0 0 0
f78c50b84bb19c30c6f245ad84eaf5edcf55fa90e8b07ffd0ed6b7782202628a 89 2 78 36
b58ec0a0dd288ed8722ad142c3c3075aeb1fce82ab7f88a231ebfbe15d398585 35 1 70 7
74dfd033aa9fc3bed3fac573813d0f66bd0f2b59256ba3d0ae528c008186b7f0 83 1 111 35
165b11e8e7327f83cee1d143a5c55e83ff251db3052af830f933c45330ef468d 70 2 58 36
fdf757d783c4194d04c56dd406067d07c1dd6bfba3d25a04c73d28ff1405cc2c 36 0 0 0
f537fdcec18c6e7f3c0fb6107e4785c0c9f480dbab38b0557df4edeac5b4f6f6 85 6 1953 295
6ea342c0c1cff2a6ca3c510ee4e4c5201e80eec751a3dbf6e7276ba108bbd3a8 13 1 18 1
8dcae8ccabd40cf2e2fb80391a0e6639573375168e2feb96d44a0992da894723 21 0 0 0
2c30b69c699abf5fab32496e69e74b5dd2d6a2e9f6051c33076ffaff805f06cd 8 1 139 95
06d767013c654dbdf5afad1f910000ed3841c277c96602ba230159f3060c6c30 19 1 110 95
29e09d8b40a23932f712f46b5f7693fbba8641ad52f3220f0a2ec0fc7834b938 14 1 123 142
3438d2d0dbc2fc423a0b91ef9ff4662850f18664eabb40ecc2a3dcafe94d6470 20 1 5 1
07b154d826dd58026cdc4e9f3518964840af0a9a031c590a7c74469c08ce7c76 14 1 104 95
f4b2a0e0d41013d876d964e9602ce4fb847cb51255f6dafd9f377dc936dd380a 13 1 104 97
96390b5123f0467e61007bce9425b0235f46eccc77c203b0e4e6e68ed176541d 20 1 155 96
11aa54629a52555413d787b18ddadfe3dea2d3f5d2bab408598a8cef2e06dba2 18 0 0 0
22fcee6a096e81edaa7909fcce05704b8e96d1bf214a3fc059f3e2dc128d836a 15 1 105 97
0019eea3c7e98d7121307fbc2c73165f174fb9bf3fa19cf5a88685f6bbca71c1 20 1 179 157
14b15b28602cede7590763a3784de6ebccae1052cb129291c483ff26ea61c1cf 15 1 128 98
c9c7c3bcb6fcd9137a57d4ca399dd46ef91940d3cede38013eb1a2f68c7b5a93 16 1 109 96
3cce5cb99817a2b4ed21da82e3665cd7e91c2a7a4e5d3ec01df33f75cbd4c724 9 0 0 0
4749751fd2d6e3dc7d20fb615f7a6129140cf87e42ca006c5bf791ad6dfe17f9 3 3 1647 2
68c27fd49214f81803e7900b799296519cd0401ee434275ecf84e62caac210eb 1 1 1220 0
78517dd4e8dd777bc5449dc516c697e873cca0f5a2d663be81e8cc3af345ed2a 11 1 121 94
c19b5e1da131c981b7162ce81bdfbb851658ff1ae79ff64f6b564dbe510b7fbb 27 1 145 118
11a4c6d32a753fbb6104dcd4f1e3f81c7829c6d3ab171b9ea8dd8e76c1bd6207 7 1 109 97
48d86caf88e70fda3effccbc29357996f216d24fb25b49d790605fc2a9f2b1e1 20 0 0 0
32a6fde53001ded86afbb832bde724586af74aa70d222208c89752790eecfeea 16 0 0 0
326c29c533b39c3af64dd836329685b41c5262b0bae9f83d8225b2970d9c738c 11 1 113 102
8402fa7c55ffa35f40a8f8eef934b42e30a1d01358a954f3acb36d225d7bb1b1 7 1 157 107
8a64480319d8fb2e70a555feb53cec0993e116e8787fc18214c1c2e84ac407b6 7 1 109 102
b59901a4b667df3093a9236afe199bb91ee8808fbd8901a04a78d5e7b81dadbc 9 2 233 114
225de527f1d1d7171af19710cb08f2f8e86c1d867e054205935b68296f28ada3 4 4 1239 49
df62597ad15321a0a5fe8124666afc83a57bfa0a59613d66fea4ad0a3ac37718 2 2 1861 70
9e6fe8b30f2a0ff54c6f3f8cab60bcede8a79066fafc2f0565a7d3e1ad47d628 15 1 127 1
ce067c7723a50d046f80fa71c342db7f6a70f498cea563c0074d72615dd30aa8 0 0 0 0
4f9133351183e171e0641c133000447197899a008dbbb458094004b4b617d59a 39 19 4586586 191
7430d2e4683717da3246d7e60adeaed436821de915a238a6171cfcb05e7af1a1 54 34 7344094 732732
10f5af6d854e657b391019363b93b9993cb09d5965d5ca447cc352a4bdabc4ca 229 0 0 0
af74ac15b9cd84488abf384a351b248fe7aa3111da5a8b5151c143b3b78609df 1 0 0 0
333145e78e81cba15dc526d33854c8c2deb124ab1d049f27d2aff3c0bdec41f3 23 1 247 8
1650f568e845e3c821bc86ae426d97092e0cea2e2b977f107aead3cc7c13be9e 53 31 2133 960
75ccad26210fc79d7007c6deeb3c362af171f5a18addd47414faccfb634022a8 13 5 2091 75
220f7ffb5935563007b5f335a14b87cdd3de757a258d97acb1dc2621a602260f 21 1 247 8
7528e9454ce72c5b85624be345650cd8ac7ebf35d9910fa327d32e7acc78b7ac 20 18 10012 5093
9596881f01e721a27c7ff5a18d979c4dc494aabc592a6985ea58cdb68f043df4 2 2 70 1
a8676fedc1cf82ae4a0a037422b274bbc3bf882c197a22c94e3755ecd5a18be4 2 0 0 0
c40ad87a11abd517062cb1f019dfb9570af697ece0d566e18e339a99241e1d40 274 0 0 0
1ea2b71483a4b9b9ae90dde99ee22ae886377560de86f5b8d5f0462443bf9417 1007 0 0 0
4f4ce43e879eaf7d30228802d9c327feecc8b897c2009ed307aa924ceecefc0f 1 1 20209 0
b20314782a3aad5146cffaa5c0ed079c019a6b21a2d9ee91249f9b1be6dbb3d2 2 2 29838 0
d64c5d6bf7e6daf707eba2fff1ee0fb995e3f9183c81420b08c9c2ef3f7e1435 1 1 1 0
ee15a1d594eb658c6bf48a8bcb0b1f9fb498f30e6048b8e0aff23fdcd8970b1e 1 1 0 0
9d42ccfd7e85f1a25b4def35a0658b5afa0e7393d6117335cbe983e10d776198 19 19 20760 189
03f0f4441030f60afc2a68d59fba0bcdcd5ea75a93c8777b175f26e21b7517c3 4424 0 0 0
d1f33dd6c23e07350902efcdd893d7708fac5b24665ead97b559c70dbb843ea6 386 0 0 0
bcd852294fca78d9194ee0f086da1e770fa1b0a5af0823c2b50ff29243b1b931 14 14 968 403
5695ccb0897a4154f32c7b78976264e3d7565171a850d9800b8bb50424ac4ef1 5 0 0 0
972d8f74ef2d4e134ae90696d7dee2e577ea28c40fc9b88e9ac169c790a35f8f 3 3 18499 0
8363887aecb32cb823e65d22921abe26019bdf12568e68478427bceb1ea58112 1 1 1 0
16b9ebd4283d561d50a70bb5974b773bbe901aaf004c1da8740f0ab0e65bf0e6 2 2 18228 0
a110d1a7492e5c06af941c5a9f0acd3f0e960fbecd14b373ca69cec4535a7186 45 0 0 0
e4eed1812859502f340e3d3bf9d251b241626ca62a99e2e312500e87616ae13c 27 0 0 0
ac4a60825335955773bfbadd4b916c8477a450f626514e3227f1b9069be12db5 821 25 939 381
dd861f4d28a6fb7b1a1e654d7a5ee81a986d4a67a52817539300a33f8e847b2b 674 0 0 0
bc0813cd464f5ea6963bf314d0bfea9e350ecadd2c48bbafae6dada1d6ea9907 257 0 0 0
e50c7fb1693f6544ffc68479ea722e13e6ff1d71cf0140c42f0565d1195a9383 4581 0 0 0
6a0e3fa7a1d284061a886ca2fd5599108ff78ac83de5d016be88f84bc74df364 34 0 0 0
2f36d2780f042077d2335d1779adcbadd28e3dbd2ac85a4268870265dbd1e368 2 2 13794 0
807b40f9c053ceb62120feb17e261c247c82c2124d1b63c988153df80e8f6c0d 2 2 2 1
dc80323b0a7fc4ba6f47acb857498e1e4d9201ba533a1d3653e13986a21c0443 17 17 18719 79
76b26935a79748ed01e884457f5d63003c4d5b4089e2be73ac4efbb55a34b1f9 37 37 865535 781494
68a3dcfb43b3ca95b389136373ada14e1c9512a173ba81baf48b5766f812cd15 38 38 224 36
1f3767cefd57b3905a88ef49d2f4bab5f263a454852edde11160df67e7a58e94 2 2 65 0
742cce9847772e4487ee68f5ef798dac760283e97b8b1c02fa243f1d5c70645a 2 2 14 0
2fd6d35aac42cfa4c7bf306347477671c05736ac1f6795f993d3a06b5df4d1ff 3 3 61 0
720c8262a2c0a0dfecb9a7f3749c55bcf010c60a9c3fe35a1017021482f22931 3 3 25 0
cff970b24ce7eff6f8df3def4ec18d1fc89ef167965b21a1d8127691e9a7f1c1 0 0 0 0
6550400557a7ff721b8e904108fbe6c73dde521894558131e553130f36b310b1 6 2 1 11
6b8f4b6fbfc9c5113552383abd03d8acf9593779e02cbb7c797be465e6de1932 14 5 52 18
7785273638578f9ae4664102cae2046abc48580a2e19ad7fc550858905ec95a1 7 2 112 0
2ccdd1e2dd5edd77f239d836ad1064b0c3ca2c5bce0c79ac22e8d885d9d67b15 12 2 18 3
56cb933277155a3b89c73bb0b3846ea16be7cbb66619ca92781cf6c97ec60095 3 3 17 0
458e629698e610ab1cfa07103e02919a73bf12811f1d844ac676be9f9d9f1499 3 3 43 0
e53ff8db2494db3152111a742d8fc50116e0983ff6abe4fc915374c78df0b213 3 3 76 0
850c8e9d4cabda0456cc8400c0ba86006992a5f083be82a3e694626c9e4079fb 2 2 2 0
d183352d3ebae8e6b159042703e60f25cc2abbb05e6953c6f1b3aecac10c8567 2 2 30 0
3c62fbb9767bb1a789b1b2f7667941417e9166a4d7972deb948669c5de8d5c24 3 3 26 0
69c409be8b4b2e717628c8b852651cdeadd084d498d3b8ae22b712cbecb6f5bb 2 2 96 0
2aacb0aab961030a5d8320fcfff02e89daf9d52d4a496352e5d60ca177fe3e9c 9 9 71 1
11a927f346bed206312cd10369acd6d1af5ec635a290d1fc99125088a1dec955 15 8 70 53
951f527c04782e2138bd8f95072ab426da26950b44f64abd4cae7383faa2671f 24 24 5186 189
45214b9980840de3b601cbdd307d05280abbef8cb0bf8ff7bba582b3b1052b3d 13 13 5522 156
99afcc28e9c7f1c70b8e965df3da1256c6658802ed192058fb8cfc773c55bbb8 4 4 4905 10
18636e0808a7cc9d3ba5120f385a78786b803307ca5b89365a1d9592835ab540 5 1 107 0
a3c9704570c85ab9b6d1342be8548a599a612cad51930da56ac122b1856a887a 15 11 45 3
f5cacf8312706c76999b1b0594d258a8d914a419d8b0a4ddce8c1e1ed6397156 172 170 21434 1604
e3a1021c40063ed3360d58538873d80e091006babf42a4fef09709ec36e667e3 13 13 18904 167
590b8351c43e6906f2aa7cc9ad80e5181d6ecaf1f1f3af16d9f89b460354b32b 7 7 5299 176
1b6768e3f7354e6eeeb714d70acb9b50d5595d37622d4073736a1f803c059f6a 2 2 4907 0
25475db8a23f554100ab827b8d594827352ca6f104af199db7e053f363c04c20 1 1 88 0
610466144d05df0701e8b769f7ccc83192adcb9204993a9a5e5d5e76bb84560a 5 5 4933 1
e60ae37eb7bf008ded96928766e22aa0cde98d5c4b7fb7bb1c4b45987f33fcba 3 3 4523 204
eb546aa6bc45698b3a5a9dbfe2782b604aa75431bd0e936c6ba3a32d3af10f09 16 16 1945 36
b76352e2b159a4074ef99fa5d3c33a3b6ca18a9896c51769a49b5a831e8bb71c 3 3 4376 0
4b90210d37c697dd583a4233ad359de147e4f0301b7ae1dd4f357baa1d89d2f5 2 2 120 0
81329b8eb77f099d08775479d7a7f34946eec5c9140e33e3c8da7bd4d2c80cb2 322 0 0 0
1a415e81ab1ca70c71c85feebafe9807daab95ab56e80554f02fddde90c18efa 159 159 27697 5273
02c64a78a7726e33ed80e9e75459a839061353bd9cb7fad2ea176693d5d4538a 4 4 23 0
e18a657e49f31e05dde13323511485d6845d7021aee850fb5dd476255a971775 2 2 1 0
f208da2a2a3ecbd932fe79ff2177b77e81095e6b5c70ae36428cd339375d4253 4 4 238 0
3d192ef2fbe534bfea01aa19b6b5c9e9d19a56ff04dd631c6615a8499f816fe7 9 9 4885 77
3b250dcf4988ef39a9977bb45224712cc7ccf20f487eef12f6d7404823e4edb9 1 1 71 0
7feb2b40f6eb013fbddfe099bbe05fb938181095ccfb4bb2bf409e7586c30a7e 4 4 1925 7
78615c0b3dd03f6e82937fc0dca4a0efdce91a0299334f35bab777d99d06dff8 95 95 2707 245
c67faa5b3b61578dac04e27561fa68a8ba7b22bfdd31e088b5d141fe01422ce2 1 1 1374 0
63fc8fc1ff1abd5efd19559ddfce0abf2fbaca3bfe1532d94c430d9d53fb4a19 1 1 947 0
f4708cdb20c9ed6ba0c3ff7b8fd14df7e0dda34f2cdd398d5d5c485652ebc3e7 1 1 23647 0
51931014cf5523570cee9abf35978d683bfcd32a58dc9582e1bb41c0cb9a4206 13 5 728 0
55a6489f31feeb04766f175fd1f5c6c1468b056230298c5801e4a15c8a1320aa 20 19 11526 392
29f96749ff803957aa0cb41b446fa1aa86dade7208b2ff8b7ea2aa04b003c84b 28 26 10600 270
a5bb558b4b7a6bff4cff3755ca475e3dce6cc43b8869e8ae352f4842d5f077f1 0 0 0 0
fcc23f4c99a309e51d27ec7d00a8bafb9d7f289055dde7cfa28413c228a07af1 1 0 0 0
fd3648c1db5ce872a614e420e06b65a2027b09aae0932505df98c790db3c37de 4 4 2854 13
6498274b0b6700c824645b6eeb88824935cca1d5f032683fe44771ec0a47a426 134 130 54638 34078
169880c3609932ab37cd4727139fe94a6dc2a7763021f63710b79f94946dddf4 2 2 1318121 3
fa84a008068a70c9be3ec403359e5989422da69587c739a2e00cdbb8d16017c7 32 32 35807 8034
a72de373872b089511bc4e4f5852f4ceec3767c3994dbc06b5e22411e4fb54f4 13 12 21410 197
ed15312f382fa977b3c649c36e05f307e8aa741e09d885a1c2c101fa399a3c63 12 0 0 0
699f179daaa72a9afa5473d7681d4df15acc6b7ba660d243179cdbb8b6944f2e 2 2 1026 0
fb5a560fb0c2923251900c485e5a302f8705778a962d8e308d8d7073755f9fa7 10 10 8619 294
bedd32f86a6dd9f1ddc75bcbee9a220d58976b4f48f952609873fbeaa6a0bef8 1 0 0 0
3ea59997050ecab1a82c3764bf57a6e59eb415db998b297465783bd8ff8fe30a 3 2 4735 978
8eca0451384eae61472e64a7e2210f6ac8d7105dfd45d144bf765b17fcf04a8b 6 6 2260 18
52620230fa44477dcd592791e94c736ea108605a4b2b46e62f17ddaa68a20fb5 1 1 1822 0
339e997bf61717b57d90cfd666b06c1ad73657760d94e68c4c71e29654491a4d 1 1 1993 0
6390c8190f6303991297594de453678d33cfd13486e43ecc878ff60312921501 3 1 123 1
9dd85402562da5d93187b655de1c79c41731a2d7bafacecb80f481ca510d8f16 15 14 514 103
8a2992cf2468c037c14fbc4fd4db367ba1d21adfefcec341113efcd4c7467814 4 0 0 0
3e95564ecb575e6481f1c875e75dd3bb06cff180705429450e1ff33228d8276c 60 59 17923 2124
11749a12d14dc25392d92edf8044771e5859347bae95b0a64f0dfa07586ba1ff 27 27 3501 331
86a003f114ae2f81c3047f795097119597ada83ca4d481a36cb0766424b7e0b2 3 3 470 72
84b3ca5696b9dc618374de4b2307acacaeb48f68f7be4227a507c0f3066c8d56 82 81 18367 4884
775f92909c91db5d7eec0533311615662fdc563d13835e821b3f1ea2abbaa250 0 0 0 0
f4530437a64524722940cd453626956ac5a95e700f269585a4cc155919ecf2a5 64 62 20124 11610
b7770af2278ae5bfb361280f554dd6bf36af1a4a7c3a83afffc504f1f7e772fe 15 15 1189 250
edee6ab1270e2814297b7f7612d8d611611b5b739deab34af8edd50689abbfc4 13 9 44047 6149
535f8fdefad2bee15cd9c5176ce2aff514de1cbd089060bb7881cc33b6b0832a 1 1 382 0
72fc1416d297f54e693764f499f5b8ece288383a8f558cff7230c879e935ba02 3 0 0 0
283af160c8a2bbf4120204153d8becb4a55b3d609436850e154f3cc591dd3d6d 3 0 0 0
e15cdc60118a71b3568f1dce4c9ea004f6f54a667326e71d8e76e38854e55d3f 2 2 256 0
8df69c394300d5e870feeccc373b26e0631fff7888bc57bdc090c0598884e525 1 1 7066 0
2c0131e1fb390efdb32899d378be61528b132bc0b5ce0ec8a1a236a5d1ecf152 68 0 0 0
c5602d7a9e12324bf8d5f0268754d5e7131f979ac6cf640e2c690197d40d14ec 63 0 0 0
abf48d6278e722331b981abced2bca6f21e75a886b352ce91b7332005735e6d5 9 9 91910 35
c4487a75598eb1a251c52660134db4aa35cb60abf62d84f07aacd30918a9500c 6 6 3156 143
b536191718af0c396fc399dfbccf249a74e4df112411ec519ef72d9cdc26be44 3 3 2208 119
8a5a5292e317f20f6c09a707bdc1e6ba419282cd6599e431f2c4e8b22b7abb7c 2 2 971 0
4eafc9d64c813ca1ceea688f31ff552f7d02a068cbb04b231a4b4a61f4298fca 0 0 0 0
667d621b8fd701a5f0ce74081f0ff3b74cc31769ef3108091b4962ead5aefd54 1 1 8018 0
0bb1f6539bab81f8554cf36d74b9dd7d3e2b305265385b9780df0dd86dc4cbd5 50 50 120918 111065
